9.008086306	67.19288666	-78.58281815
140.8120885	84.34885413	-162.1589143
342.7081075	87.22665534	-161.948641
163.3700266	36.43141241	-100.0757617
318.1769059	64.32894743	-126.4097959
180.6415333	75.24089451	-88.74111391
163.675589	71.47334774	-113.8416997
343.2283464	74.17323428	-117.8573075
170.5584977	78.92182462	-113.1137495
358.2932356	76.06819836	-93.53940128
131.9673769	63.54542601	-127.6400161
131.509594	75.55495915	-144.1180696
328.7912195	84.51860689	-159.5337129
148.1058714	62.01838297	-119.056137
213.8052173	59.7446731	-61.50778899
131.9391868	72.65234151	-139.0532013
195.2250679	69.50878517	-69.45141561
352.9517026	61.1090025	-97.23686304
214.8874775	52.95071019	-65.03827427
38.52271867	81.06643995	-27.19208531
233.0569481	64.15522717	-51.01016739
172.8429321	74.8247836	-103.3855362
322.4998684	79.70511189	-148.9124932
19.52231139	58.80788962	-72.14866001
194.2897441	74.50251198	-65.21945706
38.89856596	85.6621018	-13.95629951
345.5201358	87.6552583	-161.870787
190.4616823	60.24428314	-79.63490122
209.593668	81.01669247	-32.56059853
137.7338958	80.49323766	-152.8164797
166.5600017	50.13186364	-100.271884
175.4761207	46.55302754	-93.28219132
153.6993558	39.66862864	-105.9657684
347.5557014	53.17637409	-100.1883314
211.1920819	71.87313095	-50.57023902
27.68059704	69.71776008	-56.37070518
31.38013521	76.01537103	-43.22317601
193.9214025	74.32387127	-66.01037492
142.9560283	66.72196851	-126.620794
177.8300376	58.69702709	-92.0868325
